0010000
0000000
0010000
0000000
0010000
0000000
0010000
0010000
0000000
0010000
0000000
0010000
0000000
0010000
0010000
0000000
0000100
0000000
1000000
0000000
0100000
0000000
0010000
0000000
0010000
0000000
0000000
0001000
0000000
0001000
0000000
0001000
0000000
0001000
0000000
0010000
0000000
0010000
0000000
0010000
0000000
0010000
0000000
0010000
0000000
0100000
0000000
0100000
0000000
0010000
0000000
0100000
0000000
0100000
0000100
0000000
0000100
0010000
0000000
0010000
0000000
0010000
0000000
0010000
0010000
0000000
0010000
0000000
0010000
0000000
0010000
0010000
0000000
0000100
0000000
1000000
0000000
0100000
0000000
0010000
0000000
0010000
0000000
0000000
0001000
0000000
0001000
0000000
0001000
0000000
0001000
0000000
0001000
0000000
0010000
0000000
0010000
0000000
0010000
0000000
0010000
0000000
0000100
0000000
0000100
0000000
0001000
0000000
0100000
0000000
1000000
0000000
0000000
0000000
0000000
0000000
