0000100
0000000
0000100
0000000
0100000
0000000
0100000
0000000
0010000
0000000
0010000
0000000
0100000
0000000
0100000
1000000
0000000
1000000
0000000
0000001
0000000
0000001
0000000
0000010
0000000
0000010
0000000
0000100
0000000
0000100
0100000
0000000
0100000
0000000
1000000
0000000
1000000
0000000
0000001
0000000
0000001
0000000
0000010
0000000
0000010
0100000
0000000
0100000
0000000
1000000
0000000
1000000
0000000
0000001
0000000
0000001
0000000
0000010
0000000
0000010
0000100
0000000
0000100
0000000
0100000
0000000
0100000
0000000
0010000
0000000
0010000
0000000
0100000
0000000
0100000
1000000
0000000
1000000
0000000
0000001
0000000
0000001
0000000
0000010
0000000
0000010
0000000
0000100
0000000
0000100
0000000
0000000
0000000
0000000
0000000
0000000
0000000
0000000
0000000
0000000
0000000
0000000
0000000
0000000
0000000
0000000
0000000
0000000
0000000
0000000
0000000
0000000
0000000
0000000
0000000
0000000
0000000
0000000
0000000
0000000
0000000
0000000
